[gd_scene load_steps=10 format=2]

[ext_resource path="res://resources/fonts/Roboto/Roboto-Regular.ttf" type="DynamicFontData" id=1]
[ext_resource path="res://scripts/MainMenu.gd" type="Script" id=2]
[ext_resource path="res://subscenes/grid_floor.tscn" type="PackedScene" id=3]
[ext_resource path="res://resources/environments/test_environment.tres" type="Environment" id=4]
[ext_resource path="res://models/wind_turbine.glb" type="PackedScene" id=5]
[ext_resource path="res://scenes/menu.tscn" type="PackedScene" id=7]

[sub_resource type="DynamicFont" id=1]
size = 44
use_filter = true
extra_spacing_char = 10
font_data = ExtResource( 1 )

[sub_resource type="DynamicFont" id=2]
size = 30
use_filter = true
font_data = ExtResource( 1 )

[sub_resource type="DynamicFont" id=3]
size = 30
use_filter = true
font_data = ExtResource( 1 )

[node name="Node" type="Node"]

[node name="menu" parent="." instance=ExtResource( 7 )]

[node name="MainMenu" type="Control" parent="."]
visible = false
anchor_right = 1.0
anchor_bottom = 1.0
script = ExtResource( 2 )
__meta__ = {
"_edit_use_anchors_": false
}

[node name="ColorRect" type="ColorRect" parent="MainMenu"]
visible = false
anchor_right = 1.0
anchor_bottom = 1.0
color = Color( 0.176471, 0.462745, 0.447059, 1 )
__meta__ = {
"_edit_use_anchors_": false
}

[node name="MarginContainer" type="MarginContainer" parent="MainMenu"]
anchor_right = 1.0
anchor_bottom = 1.0
margin_left = 20.0
margin_top = 51.0
margin_right = -20.0
margin_bottom = -20.0
__meta__ = {
"_edit_use_anchors_": false
}

[node name="VBoxContainer" type="VBoxContainer" parent="MainMenu/MarginContainer"]
margin_right = 984.0
margin_bottom = 529.0
custom_constants/separation = 0
__meta__ = {
"_edit_use_anchors_": false
}

[node name="Control" type="Control" parent="MainMenu/MarginContainer/VBoxContainer"]
margin_right = 984.0
margin_bottom = 52.0
rect_min_size = Vector2( 0, 52 )

[node name="Label" type="Label" parent="MainMenu/MarginContainer/VBoxContainer/Control"]
anchor_right = 1.0
anchor_bottom = 1.0
rect_rotation = 10.0
rect_pivot_offset = Vector2( 492, 26 )
custom_fonts/font = SubResource( 1 )
text = "YAFG"
align = 1
valign = 1
__meta__ = {
"_edit_use_anchors_": false
}

[node name="Label2" type="Label" parent="MainMenu/MarginContainer/VBoxContainer/Control"]
anchor_right = 1.0
anchor_bottom = 1.0
margin_top = 53.0
custom_fonts/font = SubResource( 2 )
text = "Yet Another Factory Game"
align = 1
valign = 1
__meta__ = {
"_edit_use_anchors_": false
}

[node name="CenterContainer" type="CenterContainer" parent="MainMenu/MarginContainer/VBoxContainer"]
margin_top = 52.0
margin_right = 984.0
margin_bottom = 529.0
size_flags_horizontal = 3
size_flags_vertical = 3

[node name="PlayButton" type="Button" parent="MainMenu/MarginContainer/VBoxContainer/CenterContainer"]
margin_left = 458.0
margin_top = 217.0
margin_right = 526.0
margin_bottom = 259.0
custom_fonts/font = SubResource( 3 )
text = "Play"

[node name="Spatial" type="Spatial" parent="."]

[node name="StaticBody" parent="Spatial" instance=ExtResource( 3 )]

[node name="Camera" type="Camera" parent="Spatial"]
transform = Transform( 0.620765, -0.164514, 0.766542, 0, 0.977736, 0.20984, -0.783997, -0.130262, 0.606944, 1.25965, 2.90234, 5.16588 )
current = true

[node name="WorldEnvironment" type="WorldEnvironment" parent="Spatial"]
environment = ExtResource( 4 )

[node name="DirectionalLight" type="DirectionalLight" parent="Spatial"]
transform = Transform( 0.794966, 0.238101, -0.557977, 0, 0.91976, 0.392481, 0.606655, -0.312009, 0.731177, 0, 8.4891, 0 )
shadow_enabled = true

[node name="wind_turbine" type="Spatial" parent="Spatial"]
transform = Transform( -0.979743, 0, 0.200257, 0, 1, 0, -0.200257, 0, -0.979743, 0, 1.5, 0 )

[node name="wind_turbine" parent="." instance=ExtResource( 5 )]
transform = Transform( -0.893599, 0, 0.448867, 0, 1, 0, -0.448867, 0, -0.893599, -0.399, 1.5, 1.614 )

[connection signal="pressed" from="MainMenu/MarginContainer/VBoxContainer/CenterContainer/PlayButton" to="MainMenu" method="_on_PlayButton_pressed"]
